sn
6923450657829
6907469012534
6920145702659
6946280000030
6908791101989
6942478832124
6949470400047
6939729902057
6922872610092
6937942314572
6946380800011
6924531620039
6931087328609
6932693911261
6920644366260
6926537500650
6939579200099
6948324000679
6926537500643
6943322100222
6911567886836
6921369170613
6931743408430
6903155002018
6920789722266
69392095180206939209518020
6922703200829
6901463980325
6920733430902
6947210400029
6957058701912
6930624612607
6902088306156
6955738100253
6939743666157
6916134000530
6921355221374
6915566011091
6938269634077
6945129500168
6942886301083
6901755335475
6903148203538
6901668054999
6925452503012
6920107000038
6923740105443
6925911514931
6949494803657
6955051900011
6954864700092
6933643307301
6921665714207
6928497888526
6933778568189
6951732400016
6907992103280
6946397112572
6927006111391
6904800169162
6911271191219
6907469011568
6934503608828
6943871200770
6924217972094
6959645700049
6903148153499
6940721904147
6937320700119
6957859000016
6945617400307
6950706900347
6901939233436
6920531303040
6935122900010
6941129901004
6938902623055
6901003101982
6903148059326
6922064120415
6930229282199
6934364805633
6921240315300
6931392008388
6925696600041
6930846300436
6922621132783
6912504804135
6900958883530
6926475202074
6928174199785
6901035200264
6927230820526
6901463980264
6902088308167
6933583224430
6917541661611
6940188803748
6953969805466
6926568620006
6924928080071
6923350511481
6933889002886
6950384700253
6931978700132
6949188400445
6925452503012
6925863310094
6291030501016
6934024517104
6952519700510
6906907911101
6925009902572
6945759381052
6923644275815
6921253806147
6925936921301
6917878044729
6934888600417
6901668054401
6941698901498
6920952717976
6956511904242
6933610100317
6923589460611
6925437620079
6913231004003
6917486003392
6933426724141
6933778568912
6940520901088
6922731881953
6922731881953
6903148200827
6939260800072
6902088710977
6932558701655
6901894121816
6936003512414
6921555595794
6931979651631
6942499700150
6922175110466
647303040083
6901073800723
6921701000011
6952124200733
6945782503926
6926768518561
6925303710187
6940282300112
6904682162404
6945782503865
6933898916020
6950062001566
6903102104741
6945196604837
6905418003688
6950622600024
6943309001894
6952124202324
6936067801448
6920354808975
6901035608251
6932904709243
6932904709243
6902088709520
6912616000647
6902088709520
6902022137372
6901294284555
6902022137372
6902088709520
6902088709520
6900068801448
6903148054758
6920174745160
6922365800825
6934984219599
6925911518908
6926452308522
613008719524
6921469010017
6909995117189
6952374600567
6948780800059
6901463980271
6931500340805
6922365802935
6956718502050
6914291903671
6930958428998
6934643000223
6926475203064
6928856100030
6931500340805
6930229280140
6935954400528
6948216400044
6937508500012
6901668054432
6920238082064
6903966441822
6953240713602
6932873822134
6920238082064
6921724820047
6903148032022
6922235790102
6900464910850
6903148078969
6923555234086
6951502800039
6903148221303
6927006111391
6957134200902
6922577722861
6919757095181
6956416202887
6948663700230
6925316726472
6902088702866
6921355240436
6941838400218
6952367461373
6951490900100
6937320700096
6957396110674
6937461400985
6924343536085
6947336200220
6947335900022
6949047597439
6924613687028
6922847022875
6927113300015
6937335401070
6922365802171
6902253686564
6935929304240
6952641601259
6936608300249
6959726000037
6934503608828
6943753412345
6943753412345
6940179301246
6903148189993
6926494700018
6945890100086
6901522888609
6931458000288
6941266466053
6958770000277
6917541771839
6935398700574
6920145703854
6914973604292
6922290909808
6937078000196
6917541771839
6920274860565
6920177922315
6955088200061
6957134200902
6922857622935
6925911517734
6925911517734
6925911517734
6903966441815
6957859000016
6938902600575
6957859000016
6948750202210
6911696359409
6926388300058
6938619500816
6938619500816
6904800169186
6958129821546
6958129821546
6958129821546
6930922200094
6948960102539
6925478603536
6907992821832
6902088309645
6941273600266
6940045885085
6922441400017
6923466302713
6927573119462
6925788301276
6902083896706
6925863310070
6955198300019
6933004878945
6933721401945
6903148050675
6901035610551
6946244800515
6936588813838
6922266446726
6951939702326
6913102111380
6923384520046
6933636810566
6959585300248
6944636800501
6936770111513
6921665714443
6925851813057
6904691040212
6943536004712
6923840380016
6955198300019
6901586103618
6902088709544
6923664100395
6953392501331
6923664100036
6928804011449
6921141791982
6923138969756
6947621904253
6948750203309
6932658400878
6947667027206
6908594307298
6926799690991
6948519900449
6939580620398
6933032700287
6928893258671
6933032700430
6953969800676
6953072710176
6911988006592
6938269615151
6948382716154
6907992103228
6957549100026
6907917222584
6926433488960
6930305500568
6950354285513
6925911517437
6945661500084
6919498030342
6906907321023
6919498503792
6951978901537
6921665700262
6903758100210
6903758100210
6911988017994
6901121600800
6904915640143
6917694103488
6924516500820
6901554012331
6925303710187
6954767416687
6955818251608
6923564131703
6944486700105
6934468001504
6920180226943
6958152800013
6953392520011
6925316711430
6944476568043
6907777813908
6922233623556
6942074256065
6940312200054
6934665088230
6951807840280
6930719511211
6931743480115
6908471004739
6949926600021
6927696610532
6945357313929
6917921019308
6903148219997
6955748500074
6940282300488
6925413200448
6925452818499
6925452818499
6954265570201
6957677605004
6950062001535
6920459956748
6912383642187
6946602601334
6951237712010
6925817300270
6938379942109
6920459958698
6932578294267
6911988017987
6903148213803
6947276822025
6930229285077
6926650320050
6937994602801
6942832109893
6950749305284
6922764000086
6920174743135
6920174743135
6925105810856
6907992511429
6944910318098
6920174745191
6926109300404
6904700211145
6922330913246
6907376502005
6907376502005
6907376502005
6926368114132
6923855304243
6920580997450
6955551800989
6954501300876
6959913513180
6959913513180
6954501300906
6917878045528
6925785604769
6913084217407
6945420000107
6934660528649
6921971681361
6923644275082
6919248800096
6933636818210
6903148078914
6907376500674
6935327303388
6903148229835
6935139210294
6931319200017
6922155901824
6940785710012
6922155901824
6921496515325
6933848785973
6925954292407
6943484400017
6936924202081
6930548617023
69021961
6920177914907
6902546995885
6951808021534
6933088988332
6920541951675
6952837811660
6934468004345
6957876090090
6957876090090
6920348323606
6944042701355
6941694108082
6935420100051
6931320600561
6922726983976
6935092103985
6920145705742
6922308335841
6932202400279
6941499103176
6927494098686
6927494095869
6924531620039
6926491602131
6900464910850
6920174737134
6927494098686
6952151510089
6953093400407
6927494099959
6901035613118
6901035613118
6901035613118
6940386880046
6900037834897
6934643000148
6924882335361
6900068800564
6918043577233
6938902623147
6921355231496
6938979801103
6920202888838
6945471000019
6914957324062
6926649331715
6926649331715
6944924601322
6957587900176
6923855300023
6957587900176
6941499100533
6941499100533
6957587900176
6949145208008
6941499101189
6957587900176
6951975359065
6921734970633
6927392221469
6900420000144
6935836720065
6900933000822
6901028075053
6900933000822
6901028180399
6945709910295
6945709910653
6945709909640
6931392000689
6903148180440
6917036265904
6945180800498
6924939131250
6926452308515
6952338855569
6922308335650
6951380804938
6920174748796
6933596900628
6921434125951
6923555243651
6938166929467
6901236381854
6942074269508
6933832720133
6950643610026
6928352801028
6925316725222
6902083896638
6937942314572
6937942314572
6942032700029
6933116900329
6903252000634
6924745059489
6906859000267
6939580612195
6901285901119
6925316722863
6920145702659
6950266710820
6922365803475
6936993807149
6945062701769
6923564150063
6947287400090
6903148209080
6955818264813
6939209518143
6907592001245
6907619580173
6903966441815
6959695400395
6931392006421
6902538006544
6946357020084
6947195920376
6921499711199
6908477013049
6921959201970
6921499711229
6944865401548
6908477012141
6949047595077
6933211434590
6949047595893
6949047599693
6921499711236
6901278991219
6921665714702
6925923568915
6927254900198
6925923568915
6925303710187
6925923568915
6931780720885
6902088707205
6925911515037
6910442007120
6938285700015
6946465200170
6921355231496
6921355231472
6950935500240
6953484301504
6922266443138
6944093800687
6921253808127
6944093800687
6946465200170
6920130967377
6930080688185
6917486000711
6922233624096
6903148169469
6901236341971
6922266442278
6934235600190
6943228700496
6922266451225
6924517820286
6921581540379
6930080688185
6918442603496
6922043942601
6903114150996
6925350501158
6940417237856
6940412738273
6940412738280
6957677605004
6932168816152
6936880808174
6925510389053
6921581540102
6902088315172
6942032902027
6925316711430
6945106000148
6934969815693
6942508000011
6944005600114
6907992504469
6915936900796
6903252057997
6924379400312
6921317994971
6945626800013
6910019007553
6910019007553
6944910327946
6923644278588
6904682300202
6923644280888
6925009922969
6941499106320
6902538006544
6920461286086
6926718481518
6922913300524
6901028208819
6921168509416
6902088711141
6919498862875
6923299611761
6900077040982
6920789983520
6940494027517
6947071601863
6956416202658
6948195810704
6957496400200
6903148225219
6902312303210
6932547500726
6922278001180
6946541400524
6921317952995
6935082250958
6920145706824
6934772900036
6921355221374
6932697610184
6932697610184
6937338310010
6955265800350
6955265800350
6933778568738
6937338310010
6932458701014
6951380802576
6906151611673
6902088708820
6920177962618
6959764600855
6911988020666
6908515050265
6920242102697
6939058910075
6944314402171
6941260300292
6924381688883
6921458602117
6900157550721
6946036300667
6956416200258
6950399800054
6937942317337
6925009920019
6939379312688
6945285402016
6923450657829
6922764000123
6922121500020
6922764000086
6931500340805
6926358400108
6933226830103
6928740701701
6941499115667
6902146600646
6954765500098
6905321379665
6957790601105
6936608300232
6903148209165
6902265114222
6933778568189
6946681900595
6911988015785
6901236300138
6914782082533
6923644261382
6923644261382
6903148203514
6933636886165
6918043536988
6920592101180
6935720800026
6942886310207
6922266452109
6902538004922
6959088000812
6921645781670
6903148062579
6923870400272
6949833108375
6920420601219
6920010302786
6917878045122
6925712300085
6943629400438
6914291904029
6908791006086
6944750427226
6921317992236
6926718481518
6904800169872
6903148107713
6903148219539
6940282300112
6931608600870
6920177921714
6921929402062
6923555241923
6940250800958
6956416203587
6920354814204
6954763100122
6917878041216
6902083909765
6921079706188
6922213207363
6938245500075
6938245500075
6920398885390
6958981400453
6903148131893
6921231868679
6930670188040
6902083907990
6913251000023
6947327500780
6928256200118
6944314401198
6959408011580
6920285542177
6945890100239
6901894113224
6922233624102
6922735609362
6920568489045
6920582492526
6925970388115
6920382700111
6903148190722
6925356703341
6937876800158
6953948200091
6921866966023
6926650331490
6936501130660
6903102104451
6957707200018
6936986811146
6936986811146
6903244670272
6942848800548
6920789942442
6922391100951
6951651523728
6922829566519
6951651528464
6922391100951
6935842300565
6956159701647
6922839533006
6944978701368
6922391100630
6910019011710
6925303774202
6935918700046
6935918700046
6925105870065
6935710760613
6935918700046
6947287400090
6942074207685
6907376531319
6942074207685
6905218881578
6940863603304
6958981400910
6922091000018
6911011010091
6924743915565
6924743915565
6922477400630
6921136502210
67836703
6921496560394
6924254686848
6934660524887
6928206490019
6921866966023
6937382413880
6922280200311
6922280200311
6922280200311
6925005848010
6910019111724
6932292719749
6922308335841
6922165900855
6902007115982
6941128240760
6935918734539
6905014000081
6908791006086
6901225991279
6952367433073
6957000700185
6921336821258
6939743666164
6912657101013
6957311000035
6948194900024
6941571689086
6903252025514
6937990131572
6909995103472
6920548867115
6920658216872
6946379373021
6921482336217
6921482334015
6921482336064
6931743408140
6943440300108
6901206031055
6931423920290
6902083907990
6950151620197
6932547500726
6956718502258
6957493010044
6926445820062
6901463980301
6926388300058
6937533300038
6902088711394
6914973601710
6920907809145
6932547500030
6938786110290
6921141763118
6927113300015
6927113300015
6927113300015
6902007115388
6902007115388
6902007115388
6902007115388
6907974202406
6920174760231
6946397110196
6901294303355
6903148195505
6923564131703
6901325388399
6930588500330
6911988019134
6906303886669
6945503710176
6948476200064
6948476200064
6922279401118
6922279402238
6945168900127
6950972000079
6922595400130
6932608701789
6981103580542
6901668054005
6920721712522
6920721713482
6942635500026
6922441400017
6901432362114
6901432362114
6942635500026
6948195860662
6945925500096
6924743918658
6900958883387
6917510001264
6902022131325
6906907201011
6900157515683
6910019002008
6936311700015
6933848786819
6923787280257
6942074260482
6931906330370
6942184341231
6904915640921
6943950200318
6947703900180
6947703900180
6952316702595
6922612666020
6952408300319
6956679100067
6901070601880
6907868888563
6901668062451
6948195860037
6957560501079
6901294302143
6956287219533
6956287219533
6924258900018
6924258900018
6924107769315
6930595201503
6930229280126
6932571021006
6927849451210
6950485710052
6959265900225
6924187834446
6925316724102
6922857623062
6922365802935
6934005555026
6902546322865
6922703200829
6920807200035
6938693700171
6934235600206
6958798210283
6940553380096
6920907809527
6911161238901
6940188803724
6950120000012
6954105200152
6923775931666
6902890243205
6934801200212
6925316711430
6931577088433
6942836700355
6933683302229
6921413222848
6933683302229
6932123100487
6920461280169
6937320700119
6937622600308
6957712903447
6937885060031
6931743404029
6953392501355
6949183400082
6931743404029
6937078000011
6923787250007
6922266441134
6937885060031
6937885060031
6950137500376
6950137500376
6931743404029
6931743404029
6901894126095
6901894126095
6921499711663
6945062701790
6922967017690
6927382622788
6920174760354
6903148181119
6921103580906
6903148193112
6959119600011
6901890108651
6941377119657
6959330800443
6931319200017
6949352201854
6902083907990
6902312300943
6949352201854
6949352201854
6920789983766
6949352201854
6927860300177
6922507089460
6931023280190
6921465142606
6927849460311
6953721701166
639469992719
6920384842345
6911696359409
639469992702
6959695400395
6951972600818
6925843404690
6937320700119
69213179050386921317905038
6956511900350
6945246577760
69015298
6935766600208
6932039595742
6938902623147
69021961
6924862100972
6928804010220
6930231866660
6935145313026
6928803702119
6928596724220
6928596724220
6947452820210
6957859000016
6921496518333
6901073803090
603808131411
6936776196699
6938269631199
6946537062637
6914468051389
6911652233163
6928804011296
6935145313026
6925863360624
6958992500074
6901586105384
6958959701223
6921665714191
6954691700012
6922735608051
6908471004487
6908471004487
6922735608051
6922091000025
6937793700111
6920398886915
6932876300493
6950245210204
6930832001064
6941499114073
6922577702573
6947336200473
6937320700119
6937320700119
6931412511027
6954356500056
6913476000259
6925666002394
6908422009967
6931392000528
6955988531579
6909612313314
6940352201042
6942074242846
6948194900024
6945104034718
6927696610419
6927321719364
6927109800598
6903148225790
6920541960295
6909612213119
6930633000914
6923098900028
6956416202658
6901028075770
6955496300872
6925071000015
6948960101518
6941704409253
6958472300132
6925071000008
6948499136814
6951914288869
6950361040600
6923555242746
6918717840106
6956692000115
6921822310167
6939216500179
6921617800392
6937769000054
6915324839424
6921557509256
6926244125658
6951508004998
6922308335537
6948194900017
6951121700031
6918717820108
6937451831256
6957109700864
6940074901619
6956416200456
6901463980325
6944611001008
6924531600802
6939438671084
6945168900127
6922507008188
6923555238848
6923555238848
6950836900064
6902088101881
6924248300378
6921925159915
6957857300026
6902265900115
6955930000580
6921701000011
6921317989922
6948939607164
6920784800204
6936571950076
6901586106756
6943280166667
6921581540379
6921581540379
6901801500062
6907992507095
6931392006421
6925009902541
6926027712440
6901939641590
6946036333269
6923564100044
6901798134912
6901209195112
6902347314625
6932273120281
6922868285679
6950660400051
6930588500125
6948195875727
6901209433221
6934014550715
6918442604325
6938619500816
6933778568653
6951502800114
6951502800114
6952673860013
6931679788866
6906907911101
6909820060482
6925274500732
6901939621257
6922863490184
6901939641743
6948194900703
6921669813944
6923589442006
6902088702613
6920491682766
6922064120118
6922365800627
6905337013393
6922491202685
6925174901455
6923282395852
6951281622075
6931114800665
6941499109604
6948827500386
6926582230007
6922162862866
6938451202008
6945395100185
6922298560797
6922298560810
6922298560797
6922298560810
6922298560797
6922298560797
6922298560810
631656704983
6921581540102
6936923600369
6922544898148
6936923600352
6955357500762
6907974201690
6909493800316
6902088305548
6918442604233
6925009919846
6937942314350
6926008100549
6907992821832
6920611116133
6920177922254
6927006113791
6909689200258
6922365803390
6925350501028
6902890223146
6955818600161
6909689900196
6910019009885
6901283531271
6902088121704
6920180219174
6958411700160
6911988006585
6921034935219
6955694600033
6930548616774
6946851300033
6919208585254
6931661066194
6955698700050
6959627001881
6958820610166
6945782501199
6928497821806
6927166500240
6945129500168
6948195860037
6948195860020
6943971211010
6920180210065
6932941400110
6922655703904
6923233501806
6002428424000204
6900077001679
6941026391151
6924855588022
6945376000121
6947320300141
6952377400737
6944839905010
6925350505064
6942836700881
6901668853226
6907777801639
6903148091418
6936880802028
6902863888891
6908515052818
6925843406151
6957956500174
6922848602014
6934232100051
6921508573015
6951731500328
6920298998572
6924248300255
6908791101996
6925911516799
6930326200607
6948960102751
6944094926096
6907992821627
6936003514364
6904012513807
6925303710187
6920687717388
6949044602082
6940255802131
6936986811108
6933898916020
6934802521026
6902253888708
6907992440071
6920296900089
6950393900019
6923686800020
6921187700627
6945420000015
6943971288074
6926278703952
6936536201007
6940234060606
6921734973023
6924187828544
6921996002219
683702100065
683702100072
6903148215999
6937320700751
6921956645029
6939493600487
6930229281192
6952185500155
6949862512433
6903148172896
6942659300077
6914782207974
6952396700177
6925484036533
6952920931565
6904012513807
6904012513807
6908515516686
6931429200501
6938902626599
6920680603190
6928545880861
6955412100227
6928572000263
6922054904506
6931392008388
6931319200017
6957553200033
6939209519614
6901236340745
6920072200235
6925936913559
6907619663364
6940282300211
6920145705452
6902022137372
6945781510017
6927321719319
6920096700681
6926718496413
6920096700032
6920145705452
6901236375082
6922307215007
6921317953664
6924380200628
6902022138546
6938979803039
6927682700384
6952641600740
6942074216670
6903102002337
6920180210683
6925857101295
6948195840206
6907619662725
6921489005185
6926136797512
6958992500074
6942832119250
6934665081774
6907992101026
6957907600489
6942832117591
6918442604295
6901894126279
6920276026808
6933414106096
6901236300312
6901668062390
6901382036271
6920145705254
6922408708132
6901798150646
6925438466775
6940173378053
6953392554351
6948146900102
6922444598117
6925316712277
6947336200244
6906450168250
6925316711423
69211685591766944119500751
6920145702659
6928163301588
6936067801448
6935820201426
6933268226728
6917878011110
6939708710017
6923557911060
6934845000847
6942836700881
6948729710302
6917799000439
6938513104592
6948195806905
6950777800119
6920122974147
6925303773519
6921860847618
6927856071692
6927856060023
6935145313026
6938902600636
6957859000016
6930231857576
6921467002014
6904800169032
6925105810658
6932536880013
6931319460237
6925843403891
6906366204912
6924888110917
6950068405269
6902088114553
6948824865273
6924377989420
6921136502159
6939797603054
6927091601005
6912616000647
6923747410663
6932088877608
6950336300043
6917751460202
6906129313714
6928968000457
6943578900522
6920386101990
6920912341999
6930548617030
6923644274160
6932835709947
6911567887840
6949833108764
6925212800610
6920238082019
6922130119176
6900230851240
6925592202172
6920238082019
6907992815909
6945443900149
6951623900014
6948195861249
6922742501246
6942836700881
6902088302349
6922343331822
6953948200091
6903148223109
6901028191432
6956511900725
6944910318197
6902131130035
6921236362844
6953367200078
6948194201800
6923747400008
6922155901848
6902022138522
6931239293168
6928126720005
6931239293168
6925231300801
6951828600023
6919498503068
6952126200038
6923147900061
6925763138378
6921161596048
6923450657829
6904800169162
6946377444440
6939142000439
6939729902118
6923590899165
6925513900002
6924444229145
6901209207426
6922782606628
6947327500834
6933888300112
6950572399467
6930232980839
6917921007466
6937942310840
6915218053028
6924217139787
6924882333046
6924217139787
6953220900770
6913084216097
6938902610048
6901028180399
6926200801596
6910442007120
6903102104741
6931500340805
6924950900033
6907777801639
61L373201260
6943141302029
6920531303033
6903148234471
6927321719456
6920174742572
6924438120014
6941890810468
6918717820108
6949788150047
6942749010015
6942749010015
6903102104741
6924343580842
6942749010015
6942749010015
6907570000154
6942032700029
6940188804677
6940188804677
6924343596881
6948939610461
6948939610461
6924343596881
6903102104741
6907592001023
6942749010015
6906907201011
6942749010015
6942749010015
6951444601015
6901294288454
6922039236462
6938883900046
6949145208008
6946542100034
6922599290133
6923825800157
6948036300166
6917036260022
6918598020123
6903104101335
6944910325928
6934871102980
6958218001088
6946541400500
6933865758196
6922213207004
6921000310156
6935729400265
6934131700031
6911988014924
6924377989024
6903148234471
6923976110167
6922711073835
6957750870015
6918717820108
6921924207013
6988888800018
6931589170379
6935953399984
6940431000412
6914973107861
6922941200438
6928564901011
6920174742565
6923555330016
6951415820230
6921355270303
6924928080071
6902088112436
6925316711157
6951347701867
6906907701016
6922967017133
6938902601800
6931386855585
6922064113578
6901668054951
6954902700022
6926978216080
6925581502009
6901236382981
6923585600028
6901668200679
6926768530396
6955041800963
6938498561106
6944082501113
6944082501113
6921361200158
6940863605339
6948194900031
6930548609394
6947566010200
6948195810704
6921522320206
6922857622850
6922857622874
6933899800601
6941026391458
6932759725559
6901333110746
6925442942760
6922064113455
6936574800576
6923555218758
6942351250014
6957310400591
6910019006686
6945129500755
6958892500044
6921317989922
6926582700944
6922840902020
6902088710977
6942074276841
6920907809886
6942074276841
6907777805156
6901028191425
6946330800047
6930852003178
6911988005373
6911988006783
6915936900505
6909689200302
6928804010091
6939787400915
6923071001438
6954875500209
6955818278520
6948331300090
6936787901015
6944910318197
6949152800226
6949788170090
6950247609174
6925510389053
6920687717388
6901898168367
6945297680013
6901845040685
6948195875574
6933426726121
6935208312034
6949494200050
6951481903004
6902253686564
6923589422169
6934258200391
6928694300142
6905734301017
6901668054944
6922233623761
6923589422169
6923589422169
6923555240506
6922213488083
6922213488090
6922213488090
6922213488083
6919498862639
6958332030018
6930824600510
6932231908210
6943366000526
6958332030018
6958142000096
6952920911017
6922365803192
6922365800627
6914074634952
6948195803416
6933899800601
6933899800601
6933899800601
6933899800601
6933797777678
6908946287902
6923830302929
6902083898618
6948465411181
6942074219732
6927892090121
6943025062247
6957956500051
6917707222267
6920180226943
6953220901098
6923870400456
6943642400194
6901070602115
6908540181828
6957683000060
6921136500124
6953240716191
6925467429116
6948194900109
6924107768424
6922130101485
6944347801194
6903252710397
6945661011023
6950245210563
6900285899464
6907974202390
6917486003651
6945142502040
6921665714726
6927795720286
6921669812428
6920503499139
6935927202319
6954503699664
6001088700503
6927382629152
6910019620004
6907570000147
6954767443171
6922298560476
6922298560476
6922734898996
6910019011932
6921469885004
6903148213698
6932658400878
6931319200017
6943899000734
6904915642246
6926603300047
6935420100419
6921369170538
6903102104741
6940477401075
6903102104741
6925911510490
6952711240135
6937885007197
6945357315718
6903155006184
6901668054944
6943619300076
6932559102383
6939068702035
6925911517086
6923212535679
6941593907427
6925911501894
6920180209168
6942074269508
6954534200105
6954534200105
6939487110169
6939487110152
6935918700091
6943098530018
6921004205601
6923589460246
6956927400147
6914973700888
6921555520604
6936986841013
6935420100518
6919892656209
6925115420328
6908791102092
6928199588649
6913513200512
6921034688191
6910019006686
6921236832828
6901334401140
6903056002148
6902088309171
6901294084063
6925009902572
6920177914198
6937761805060
6925911516928
6907522212178
6921313437366
6924743918573
6942737400415
6921555595794
6942560900014
6901844500838
6935270634911
6935270634997
6951854121424
6903148034613
6926415100125
6945062702384
6945062702186
6903102104451
6930366700228
6955608310966
6902088704815
6901554012331
6903148179741
6939058910082
6904143007046
6930628880194
6921925159915
6923644280888
6924466500215
6937475600982
6947452800038
6925712300085
6906907911309
6917187660399
6921665714955
6933991700021
6935082250958
6987768509270
6953397900139
6957000700062
6927295878111
6901586103618
6922296710620
6901236371749
6922868284283
6951665202237
6932853880819
6931302610953
6922130119978
6932046110273
6938113200977
6938113200977
6909493726630
6920960600048
6942366800068
6944635141728
6944635141728
6940633112197
6925783382102
6968884100039
6903624800138
6935842330678
6942366800068
6925911511039
6935513951201
6947167800279
6936623201897
6921155268883
6901028024969
6948824865372
6921155268876
6932108720013
6948824865372
6948824865372
6921155268876
6921155268876
6948113200600
6931294961040
6953244300518
6959978468029
665553111360
6951239709315
6903148223840
6900464910850
6915324767208
6952124200993
6922236424839
6949417609045
6916168618121
6924743913721
6926089120016
6917878044729
6932547500276
6907376531319
6935205330086
6903717005259
6946326388207
6910019013219
6953392541306
6900958883875
6947327500841
6946681900595
6922967017324
6930229282441
6953397900016
6903148110072
6931743408317
6920430817754
6943545800015
6908515051224
6941015800725
6949411400266
6946605402761
6947703900586
6931458086688
6931604031029
6951380804389
6925863310094
6923311993790
6927201206380
6946681900069
6902088302349
6947790700267
6914291902896
6901180351385
6925316725307
6902088711271
6903148177907
6917878036175
6921141790824
6920145704967
6917486003392
6948195875512
6920761202519
6954767471174
6951975358532
6923000701132
6903148042717
6926888120118
6951507803950
6909612113518
6931958012651
6936573760048
6936573760031
6955748500067
6955748500067
6955748500067
6920601711829
6924743918658
6947824501075
6930704901997
6918404322656
6951651521038
6910019012120
6939580620190
6922507057766
6957310400591
6909157000182
6942074260550
6935513904788
6951380802576
6919498503068
6931743410655
6901668054234
6949833107545
6934723600237
6954306800212
6923555211018
6930051300269
6933253900183
6933253900183
6920177912231
6917878038285
6948709001932
6932211400338
6932211400338
6954902700169
6921527210373
6952377400737
6914757400249
6932873820031
6920145705377
6925436710092
6901668200013
6914757016631
6956416203587
6923589448527
6901668200235
6918551804593
6923775921315
6920609900423
6932873810391
6948319000110
6918598028785
6914757400249
6920226202313
6922266449253
6922251723702
6923589448527
6924441911364
6949145208008
6920521900303
6955748500074
6953948200091
6926138236675
6935590000014
6921355230796
6941066810308
6932378712114
6927091601029
6913189535574
6922147800036
6926199200462
6951239709315
6928195802220
6938902619386
6902265601036
6902088704433
6946282230138
6924978208555
6909689600256
6926136797857
6921294389371
6901035602259
6942700237727
6900068003033
6948656100450
6924743915831
6951996600078
6932017600017
6954135600700
6902817000584
6922147800135
6918442603496
6922115919975
6922307205718
6922307205718
6953948200091
6903148230718
6926491602131
6951581100068
6939619025378
6902422010909
6902088709988
6939042720536
6949926786411
6923855302553
6945281400016
6921465143047
6901668200013
6939068068018
6946556600223
6903717001213
6919551983103
6937635600388
6937635600388
6937457300657
6942109801017
6925452503012
6925353680065
6925566701632
6925303723361
6927849460212
6922145800014
6928318163269
6902191540157
6922573820011
6956511904402
6925174900120
6925843404249
6956661000368
6956661000368
6921860848851
6925583437118
6908515050838
6919484110614
6914782113343
6921866966665
6924882337419
6949042120793
6951581100006
6940038090090
6917878018300
6931239293168
6902088709506
6941499114073
6954998401292
6922381512634
6936915312812
6948195800408
6947336200206
6956672000913
6923801400296
6917796006090
6923935066184
6941794523501
6922225028802
6935651900024
6939729901357
6925843404294
6948229302175
6926491602131
6934468000286
6920753635080
6945573601114
6941727168458
6925339888713
6931781210026
6901894116133
6922365802379
6922365802379
6933991564319
